410057
410058
413364
414468
414469
414470
414471
411635
410660
412464
412564
413709
412560
410063
410062
410061
411636
410658
406348
415216
414591
414574
414433
415083
415314
415313
415368
408518
403560
410230
409083
410063
410712
410713
408356
412447
414461
412524
413466
414458
412526
412416
412556
412560
412893
412873
412872
413551
415452
415454
415453
415455
412556
414458
413296
413295
408135
408136
410059
410060
414829
412564
415330
415369
415370
415979
412893
415365
413799
410659
415170
410660
405320
408579
414388
406348
415940
415976
415977
415978
415979
415980
415984
416389
416390
416391
416391
416391
416391
416389
415976
415452
415979
415978
415216
415369
415368
415980
406502
416900
416901
417656
417876
417877
417878
417879
417888
417889
