   1 01              01 
   1 03             200 
   1 10             201 
   2 01             202 
   2 03             325 
   2 04             326 
   2 05              02 
   3 01             203 
   3 03              03 
   3 04             331 
   4 01             204 
   4 03              04 
   4 04             332 
   5 01             205 
   5 03              05 
   6 04              06 
   7 01              07 
   7 03             335 
   7 04             333 
   7 05             334 
   7 06             333 
   8 01              08 
   8 02             208 
   8 03             327 
   8 04             209 
   8 05             210 
   9 01              09 
   9 03             211 
  10 01              10 
  11 01              11 
  11 03             212 
  11 04             213 
  12 01             214 
  12 02             215 
  12 03              12 
  12 04             216 
  13 01             198 
  13 03              13 
  13 04             199 
  14 03             217 
  14 04              14 
  15 01             218 
  15 03              15 
  16 01             219 
  16 03              16 
  16 04             220 
  17 08              17 
  18 01             221 
  18 03              18 
  19 01              19 
  19 03             222 
  20 01              20 
  20 03             223 
  21 01             224 
  21 02              21 
  21 03             225 
  21 04             328 
  23 04             226 
  23 05              23 
  24 01             227 
  24 03              24 
  25 01             228 
  25 03             229 
  26 01              26 
  26 03             230 
  26 04             231 
  27 02              27 
  27 03             232 
  28 01             233 
  28 02              28 
  29 01             234 
  29 03             235 
  29 04              29 
  29 05             236 
  29 06             330 
  30 01             237 
  30 02              30 
  30 03             336 
  30 04             238 
  31 01             337 
  31 03              31 
  31 04             239 
  32 01              32 
  32 03             240 
  32 04             241 
  33 01             242 
  33 03             243 
  33 04              33 
  34 05              34 
  34 06             244 
  35 01              35 
  35 03             245 
  35 04             246 
  36 01             247 
  36 03             248 
  36 04              36 
  36 05             249 
  37 01             250 
  37 03              37 
  37 04             251 
  37 06             252 
  38 01             253 
  38 02             254 
  38 04             255 
  38 05              38 
  39 01              39 
  39 03             256 
  39 04             257 
  40 01              40 
  40 03             258 
  41 01             259 
  41 03              41 
  41 04             260 
  42 01             261 
  42 03             262 
  42 04              42 
  43 01             263 
  43 03              43 
  43 04             264 
  44 01             265 
  44 03              44 
  44 04             305 
  45 01             266 
  45 03             267 
  45 04              45 
  46 01             268 
  46 03             269 
  46 04              46 
  47 01              47 
  47 03             270 
  48 03             271 
  48 04             272 
  48 05              48 
  48 06             273 
  49 01              49 
  49 03             274 
  50 01             275 
  50 03             276 
  50 04              50 
  51 01             277 
  51 03              51 
  52 01             306 
  52 03              52 
  52 04             278 
  53 01              53 
  53 03             279 
  53 04             307 
  54 01             280 
  54 03             308 
  54 04              54 
  55 01             281 
  55 03              55 
  56 01             282 
  56 02              56 
  56 03             283 
  57 02             284 
  57 03             285 
  57 04             286 
  57 05             287 
  57 07             288 
  57 08              57 
  58 01             289 
  58 03             290 
  58 04              58 
  59 01             291 
  59 03             292 
  59 04              59 
  59 05             293 
  59 07             294 
  60 03             295 
  60 04             296 
  60 05             297 
  60 06             298 
  60 07             299 
  61 01             300 
  61 03             302 
  61 04             301 
  62 03             303 
  62 04             304 
  63 03             319 
  63 04             320 
  63 05             321 
  64 02             322 
  64 04             323 
  64 05             324 
